162
88
176
77
189
406
360
374
412
348
572
214
200
566
228
599
201
567
573
349
375
407
361
188
62
177
163
175
149
48
74
60
411
377
363
405
565
203
571
559
558
216
570
564
202
389
438
362
404
410
376
61
49
148
160
174
158
170
164
71
59
428
372
414
400
366
399
206
560
212
575
213
207
561
401
367
373
415
429
58
70
165
171
601
99
173
66
198
72
8
359
365
403
417
371
239
211
563
205
588
589
562
204
210
576
238
416
370
364
358
9
73
67
199
172
101
115
129
28
14
303
465
471
317
459
277
511
263
288
289
538
276
510
458
470
316
464
15
128
114
100
116
102
17
314
472
466
300
499
260
506
512
274
248
249
275
507
498
329
467
301
473
16
103
117
12
339
477
305
488
259
503
271
517
270
516
502
264
258
304
462
310
338
13
112
138
11
39
306
272
266
500
299
267
501
273
475
461
307
449
10
105
139
120
108
21
35
444
450
478
487
493
256
530
524
242
518
281
280
294
519
525
243
492
486
479
451
323
445
34
20
109
135
121
137
123
22
453
447
321
484
241
527
533
269
282
296
297
283
268
532
254
240
485
491
308
446
320
334
452
122
136
132
126
33
27
318
456
330
442
495
481
278
522
244
250
536
287
293
286
251
537
245
480
325
443
457
319
26
32
127
133
119
131
24
18
441
327
333
496
535
253
247
521
290
284
285
291
520
534
252
497
483
332
440
326
468
19
25
130
124
118
143
157
95
180
194
42
4
427
355
433
369
396
553
235
221
209
590
585
591
220
546
552
234
397
383
354
432
426
340
57
5
43
195
181
156
142
154
140
168
96
82
197
69
7
55
41
430
356
342
424
418
395
544
222
236
578
587
593
592
586
579
237
551
545
223
380
394
419
343
425
431
357
40
6
54
182
196
68
83
169
97
141
155
93
179
87
151
145
50
2
192
186
78
409
353
435
421
347
384
569
227
541
555
233
582
554
232
226
540
568
385
391
420
346
352
434
79
193
45
51
3
144
150
178
86
92
90
146
152
47
191
378
344
422
436
350
393
218
230
556
542
224
580
594
543
225
231
557
219
392
437
351
379
190
184
52
46
153
147
91
85
